severe_winter = {
	# BEYOND THE WALL / Frostfangs
	1309 1310 1311 1312 1317 1318 1319 1320 
	# BEYOND THE WALL / Frozen Lands
	1346 1347 1348 1349 1350 1351 1352 1353 1354 
	# BEYOND THE WALL / Haunted Lands
	1313 1314 1315 1316 1321 1322 1323 1324 
	# BEYOND THE WALL / Northern Highlands
	1338 1339 1340 1341 1342 1343 1344 1345 
	# BEYOND THE WALL / The Hartshore
	1330 1331 1332 1333 1334 1335 1336 1337 
	# BEYOND THE WALL / Winterhold
	1305 1306 1307 1308 1325 1326 1327 1328 1329 
	# NO KINGDOM
	872 873 874 875 1290 1295 1355 1356 1357 1358 1359 1361 1363 1364 1371 1372 1373 1374 1375 1376 1377 1378 1387 1389 1390 1593 1594 1595 
	# The Night's Watch
	1236 1237 1238 1239 1298 1299 1300 1301 1302 1303 1304 
}
normal_winter = {
	# NO KINGDOM
	1296 1360 1362 1365 1367 1369 1370 1379 1380 1381 1382 1383 1384 1385 1386 1388 1391 1392 1393 1394 1600 
	# THE NORTH / Stone
	1288 1289 1291 1292 1293 1294 1297 
	# THE NORTH / The Barrows
	1249 1250 1251 1252 1253 1254 1255 1256 1257 1258 1265 1266 1267 1268 1269 1270 
	# THE NORTH / The Dreadlands
	1215 1216 1217 1218 1219 1220 1221 1222 1223 1224 1225 1226 1227 1228 1508 
	# THE NORTH / The Neck
	1271 1272 1273 1274 1275 1276 1277 1278 1279 1280 1281 1282 1283 1284 1285 1286 1287 
	# THE NORTH / The White Knife
	1199 1200 1201 1202 1203 1204 1205 1206 1207 1208 1209 1210 1211 1212 1213 1214 
	# THE NORTH / Winterfell
	1194 1195 1196 1197 1198 1259 1260 1261 1262 1263 1264 
	# THE NORTH / Wolfswood
	1229 1230 1231 1232 1233 1234 1235 1240 1241 1242 1243 1244 1245 1246 1247 1248 1498 1499 1500 1501 1502 1503 1504 1505 
	
}
mild_winter = {


}
#	NO WINTER = {
#		# BRAAVOS / Braavos
#		2 3 4 5 6 7 8 10 11 13 15 16 18 20 21 24 25 26 28 39 41 42 43 45 47 57 58 60 
#		# DORNE / Hellholt
#		482 483 484 485 486 499 500 501 502 503 504 505 506 507 508 509 510 
#		# DORNE / Red Mountains
#		511 512 513 514 516 523 
#		# DORNE / Sunspear
#		428 429 430 431 432 433 434 435 436 437 438 439 440 441 442 443 444 445 446 447 
#		# DORNE / The Greenblood
#		448 449 450 451 452 453 454 455 456 457 458 459 460 461 462 463 464 465 
#		# DORNE / The Scourge
#		466 467 468 469 470 471 472 473 474 475 476 477 478 479 480 481 
#		# DORNE / The Torrentine
#		490 491 492 493 494 495 1496 
#		# NO KINGDOM
#		1395 1396 1397 1398 1399 1400 1401 1402 1403 1404 1405 1406 1407 1408 1409 1410 1411 1412 1413 1414 1415 1416 1417 1418 1419 1420 1421 1422 1423 1424 1425 1426 1427 1428 1429 1430 1431 1432 1433 1434 1435 1436 1437 1438 1439 1440 1441 1442 1443 1444 1445 1446 1447 1448 1449 1450 1451 1452 1453 1454 1455 1456 1457 1458 1459 1460 1461 1462 1463 1464 1465 1466 1467 1468 1469 1470 1471 1472 1473 1474 1475 1480 1481 1482 1483 1485 1486 1487 1488 1489 1490 1491 1492 1493 1509 1510 1511 1512 1513 1514 1515 1516 1517 1518 1519 1520 1521 1522 1523 1524 1525 1526 1527 1528 1529 1530 1531 1532 1533 1534 1535 1536 1537 1538 1539 1540 1541 1542 1543 1544 1545 1546 1547 1548 1549 1550 1551 1552 1553 1554 1555 1556 1557 1558 1559 1560 1561 1562 1563 1564 1565 1566 1567 1568 1569 1570 1571 1572 1573 1574 1575 1576 1577 1578 1579 1580 1581 1582 1583 1584 1585 1586 1587 1588 1589 1590 1591 1592 1596 1597 1598 1599 1601 1602 1603 
#		# THE STEPSTONES & THE NARROW SEA / The Narrow Sea
#		411 412 413 414 415 416 417 418 419 420 421 422 423 424 425 426 427 
#		# THE STEPSTONES & THE NARROW SEA / The Stepstones
#		397 398 399 400 401 402 403 404 405 406 407 408 409 410 
#		# VALYRIAN FREEHOLD / Andalos
#		110 112 113 114 115 116 117 118 119 120 121 122 125 126 130 133 135 136 140 141 142 143 144 145 146 147 148 150 151 153 154 155 156 
#		# VALYRIAN FREEHOLD / Lorath
#		65 66 67 68 69 70 71 72 73 74 75 76 77 78 79 80 81 82 83 85 86 87 88 91 93 98 105 
#		# VALYRIAN FREEHOLD / Lys
#		339 340 341 342 343 344 345 346 347 348 349 350 351 352 353 354 355 356 357 358 359 360 361 362 363 364 365 366 367 368 369 370 371 372 373 374 375 376 377 378 379 380 381 382 383 384 385 386 387 388 389 390 391 392 393 394 395 396 
#		# VALYRIAN FREEHOLD / Myr
#		241 242 243 244 245 246 247 248 249 250 253 254 255 257 258 260 261 262 264 266 267 268 269 270 274 281 282 284 285 286 287 288 289 290 291 292 293 294 
#		# VALYRIAN FREEHOLD / Pentos
#		157 158 159 160 161 162 163 164 165 166 167 168 169 170 171 172 173 174 175 176 177 178 179 181 182 186 187 188 189 193 195 196 197 198 199 200 201 202 203 205 206 207 209 212 213 215 216 217 218 219 220 221 222 223 224 225 226 227 228 229 230 231 232 233 234 235 236 237 238 239 240 
#		# VALYRIAN FREEHOLD / Tyrosh
#		295 296 297 298 299 300 301 302 303 304 305 306 307 308 309 310 311 312 313 314 315 316 317 318 319 320 321 322 323 324 325 326 327 328 329 330 331 332 333 334 335 336 337 338 
#	}
